1     1     1     47.000000
1     1     2     44.000000
1     2     1     10.000000
1     2     2     40.000000
1     3     1     12.000000
1     3     2     28.000000
1     4     1     13.000000
1     4     2     82.000000
1     5     1     13.000000
1     5     2     64.000000
1     6     1     35.000000
1     6     2     33.000000
1     7     1     13.000000
1     7     2     76.000000
1     8     1     10.000000
1     8     2     77.000000
1     9     1     42.000000
1     9     2     61.000000
1     10     1     10.000000
1     10     2     31.000000
1     11     1     5.000000
1     11     2     20.588278
1     12     1     39.000000
1     12     2     37.273190
1     13     1     17.000000
1     13     2     78.166496
1     14     1     19.000000
1     14     2     65.013977
1     15     1     19.000000
1     15     2     59.841751
1     16     1     14.000000
1     16     2     27.006065
1     17     1     49.000000
1     17     2     53.173630
1     18     1     14.000000
1     18     2     29.724209
1     19     1     5.000000
1     19     2     74.865509
1     20     1     21.000000
1     20     2     35.117985
1     21     1     3.000000
1     21     2     38.502132
1     22     1     55.000000
1     22     2     31.771126
1     23     1     23.000000
1     23     2     31.364603
1     24     1     19.000000
1     24     2     74.133873
1     25     1     5.000000
1     25     2     53.595886
1     26     1     3.000000
1     26     2     30.064112
1     27     1     35.000000
1     27     2     78.000000
1     28     1     2.000000
1     28     2     37.000000
1     29     1     7.000000
1     29     2     44.000000
1     30     1     2.000000
1     30     2     39.000000
1     31     1     22.000000
1     31     2     60.000000
1     32     1     4.000000
1     32     2     26.000000
1     33     1     2.000000
1     33     2     41.000000
1     34     1     55.000000
1     34     2     41.000000
1     35     1     10.000000
1     35     2     39.000000
1     36     1     25.000000
1     36     2     31.000000
1     37     1     6.000000
1     37     2     41.000000
1     38     1     12.000000
1     38     2     46.000000
1     39     1     4.000000
1     39     2     22.000000
1     40     1     4.000000
1     40     2     65.000000
1     41     1     24.000000
1     41     2     39.000000
1     42     1     13.000000
1     42     2     92.000000
1     43     1     29.000000
1     43     2     12.000000
1     44     1     1.000000
1     44     2     21.000000
1     45     1     23.000000
1     45     2     56.000000
1     46     1     45.000000
1     46     2     54.000000
1     47     1     4.000000
1     47     2     41.000000
1     48     1     24.000000
1     48     2     36.000000
1     49     1     45.000000
1     49     2     17.000000
1     50     1     10.000000
1     50     2     19.000000
2     1     1     29.000000
2     1     2     48.000000
2     2     1     25.000000
2     2     2     6.000000
2     3     1     22.000000
2     3     2     0.000000
2     4     1     21.000000
2     4     2     4.000000
2     5     1     15.000000
2     5     2     1.000000
2     6     1     64.000000
2     6     2     69.000000
2     7     1     27.000000
2     7     2     4.000000
2     8     1     18.000000
2     8     2     24.000000
2     9     1     41.000000
2     9     2     19.000000
2     10     1     21.000000
2     10     2     64.000000
2     11     1     28.000000
2     11     2     34.000000
2     12     1     64.000000
2     12     2     7.000000
2     13     1     31.000000
2     13     2     3.000000
2     14     1     72.000000
2     14     2     81.000000
2     15     1     18.000000
2     15     2     73.000000
2     16     1     50.000000
2     16     2     2.000000
2     17     1     7.000000
2     17     2     10.000000
2     18     1     34.000000
2     18     2     66.000000
2     19     1     13.000000
2     19     2     4.000000
2     20     1     44.000000
2     20     2     5.000000
2     21     1     46.000000
2     21     2     8.000000
2     22     1     19.000000
2     22     2     29.000000
2     23     1     16.000000
2     23     2     2.000000
2     24     1     45.000000
2     24     2     10.000000
2     25     1     34.000000
2     25     2     8.000000
2     26     1     18.000000
2     26     2     3.000000
2     27     1     6.000000
2     27     2     8.000000
2     28     1     4.000000
2     28     2     3.000000
2     29     1     36.000000
2     29     2     13.000000
2     30     1     44.000000
2     30     2     33.000000
2     31     1     26.000000
2     31     2     7.000000
2     32     1     23.000000
2     32     2     9.000000
2     33     1     76.000000
2     33     2     59.000000
2     34     1     62.000000
2     34     2     19.000000
2     35     1     24.000000
2     35     2     26.000000
2     36     1     30.000000
2     36     2     19.000000
2     37     1     31.000000
2     37     2     15.000000
2     38     1     72.000000
2     38     2     37.000000
2     39     1     48.000000
2     39     2     36.000000
2     40     1     18.000000
2     40     2     36.000000
2     41     1     48.000000
2     41     2     30.000000
2     42     1     45.000000
2     42     2     26.000000
2     43     1     45.000000
2     43     2     30.000000
2     44     1     62.000000
2     44     2     64.000000
2     45     1     26.000000
2     45     2     53.000000
2     46     1     25.000000
2     46     2     27.000000
2     47     1     40.000000
2     47     2     31.000000
2     48     1     37.000000
2     48     2     26.000000
2     49     1     26.000000
2     49     2     62.000000
2     50     1     18.000000
2     50     2     62.000000
3     1     1     20.000000
3     1     2     39.000000
3     2     1     5.000000
3     2     2     30.000000
3     3     1     4.000000
3     3     2     24.000000
3     4     1     55.000000
3     4     2     34.000000
3     5     1     24.000000
3     5     2     29.000000
3     6     1     49.000000
3     6     2     27.000000
3     7     1     46.000000
3     7     2     23.000000
3     8     1     61.000000
3     8     2     41.000000
3     9     1     2.000000
3     9     2     24.000000
3     10     1     2.000000
3     10     2     53.000000
3     11     1     55.000000
3     11     2     58.000000
3     12     1     48.000000
3     12     2     31.000000
3     13     1     3.000000
3     13     2     34.000000
3     14     1     35.000000
3     14     2     40.000000
3     15     1     4.000000
3     15     2     31.000000
3     16     1     3.000000
3     16     2     58.000000
3     17     1     5.000000
3     17     2     45.000000
3     18     1     10.000000
3     18     2     56.000000
3     19     1     6.000000
3     19     2     89.000000
3     20     1     7.000000
3     20     2     34.000000
3     21     1     6.000000
3     21     2     38.000000
3     22     1     52.000000
3     22     2     45.000000
3     23     1     3.000000
3     23     2     47.000000
3     24     1     52.000000
3     24     2     74.000000
3     25     1     58.000000
3     25     2     39.000000
3     26     1     24.000000
3     26     2     25.000000
3     27     1     3.000000
3     27     2     31.000000
3     28     1     27.000000
3     28     2     41.000000
3     29     1     9.000000
3     29     2     54.000000
3     30     1     53.000000
3     30     2     27.000000
3     31     1     10.000000
3     31     2     6.000000
3     32     1     2.000000
3     32     2     24.000000
3     33     1     2.000000
3     33     2     67.000000
3     34     1     51.000000
3     34     2     65.000000
3     35     1     5.000000
3     35     2     29.000000
3     36     1     39.000000
3     36     2     30.000000
3     37     1     2.000000
3     37     2     29.000000
3     38     1     5.000000
3     38     2     21.000000
3     39     1     6.000000
3     39     2     35.000000
3     40     1     44.000000
3     40     2     75.000000
3     41     1     42.000000
3     41     2     62.000000
3     42     1     21.000000
3     42     2     24.000000
3     43     1     6.000000
3     43     2     44.000000
3     44     1     13.000000
3     44     2     34.000000
3     45     1     2.000000
3     45     2     32.000000
3     46     1     3.000000
3     46     2     79.000000
3     47     1     4.000000
3     47     2     37.000000
3     48     1     55.000000
3     48     2     44.000000
3     49     1     51.000000
3     49     2     37.000000
3     50     1     1.000000
3     50     2     34.000000
4     1     1     4.000000
4     1     2     2.000000
4     2     1     44.000000
4     2     2     3.000000
4     3     1     3.000000
4     3     2     4.000000
4     4     1     36.000000
4     4     2     20.000000
4     5     1     2.000000
4     5     2     4.000000
4     6     1     4.000000
4     6     2     3.000000
4     7     1     7.000000
4     7     2     18.000000
4     8     1     8.000000
4     8     2     7.000000
4     9     1     2.000000
4     9     2     2.000000
4     10     1     7.000000
4     10     2     11.000000
4     11     1     3.000000
4     11     2     33.000000
4     12     1     44.000000
4     12     2     11.000000
4     13     1     8.000000
4     13     2     7.000000
4     14     1     57.000000
4     14     2     57.000000
4     15     1     24.000000
4     15     2     7.000000
4     16     1     9.000000
4     16     2     4.000000
4     17     1     10.000000
4     17     2     25.000000
4     18     1     4.000000
4     18     2     15.000000
4     19     1     3.000000
4     19     2     3.000000
4     20     1     9.000000
4     20     2     7.000000
4     21     1     2.000000
4     21     2     16.000000
4     22     1     24.000000
4     22     2     49.000000
4     23     1     3.000000
4     23     2     6.000000
4     24     1     3.000000
4     24     2     7.000000
4     25     1     50.000000
4     25     2     23.000000
4     26     1     9.000000
4     26     2     2.000000
4     27     1     2.000000
4     27     2     45.000000
4     28     1     47.000000
4     28     2     27.000000
4     29     1     57.000000
4     29     2     5.000000
4     30     1     34.000000
4     30     2     51.000000
4     31     1     37.000000
4     31     2     80.000000
4     32     1     56.000000
4     32     2     35.000000
4     33     1     81.000000
4     33     2     38.000000
4     34     1     73.000000
4     34     2     51.000000
4     35     1     34.000000
4     35     2     79.000000
4     36     1     53.000000
4     36     2     76.000000
4     37     1     66.000000
4     37     2     71.000000
4     38     1     82.000000
4     38     2     84.000000
4     39     1     31.000000
4     39     2     68.000000
4     40     1     34.000000
4     40     2     74.000000
4     41     1     82.000000
4     41     2     39.000000
4     42     1     46.000000
4     42     2     45.000000
4     43     1     36.000000
4     43     2     55.000000
4     44     1     27.000000
4     44     2     28.000000
4     45     1     24.000000
4     45     2     40.000000
4     46     1     23.000000
4     46     2     47.000000
4     47     1     42.000000
4     47     2     91.000000
4     48     1     23.000000
4     48     2     46.000000
4     49     1     25.000000
4     49     2     93.000000
4     50     1     26.000000
4     50     2     37.000000
5     1     1     40.000000
5     1     2     44.000000
5     2     1     50.000000
5     2     2     38.000000
5     3     1     3.000000
5     3     2     26.000000
5     4     1     8.000000
5     4     2     71.130127
5     5     1     58.000000
5     5     2     33.000000
5     6     1     57.000000
5     6     2     35.000000
5     7     1     5.000000
5     7     2     55.000000
5     8     1     2.000000
5     8     2     37.000000
5     9     1     2.000000
5     9     2     33.000000
5     10     1     1.000000
5     10     2     33.000000
5     11     1     9.000000
5     11     2     53.000000
5     12     1     5.000000
5     12     2     38.000000
5     13     1     31.000000
5     13     2     76.000000
5     14     1     46.000000
5     14     2     43.000000
5     15     1     3.000000
5     15     2     26.000000
5     16     1     7.000000
5     16     2     39.000000
5     17     1     5.000000
5     17     2     27.000000
5     18     1     55.000000
5     18     2     70.000000
5     19     1     2.000000
5     19     2     70.000000
5     20     1     4.000000
5     20     2     52.000000
5     21     1     44.000000
5     21     2     80.000000
5     22     1     42.000000
5     22     2     39.000000
5     23     1     1.000000
5     23     2     64.000000
5     24     1     34.000000
5     24     2     23.000000
5     25     1     12.000000
5     25     2     23.000000
5     26     1     57.000000
5     26     2     25.000000
5     27     1     4.000000
5     27     2     27.000000
5     28     1     2.000000
5     28     2     25.000000
5     29     1     36.000000
5     29     2     71.000000
5     30     1     4.000000
5     30     2     16.000000
5     31     1     5.000000
5     31     2     45.000000
5     32     1     5.000000
5     32     2     48.000000
5     33     1     8.000000
5     33     2     72.000000
5     34     1     6.000000
5     34     2     16.000000
5     35     1     47.000000
5     35     2     20.000000
5     36     1     6.000000
5     36     2     21.000000
5     37     1     50.000000
5     37     2     25.000000
5     38     1     29.000000
5     38     2     22.000000
5     39     1     8.000000
5     39     2     54.000000
5     40     1     5.000000
5     40     2     22.000000
5     41     1     16.000000
5     41     2     63.000000
5     42     1     8.000000
5     42     2     27.000000
5     43     1     15.000000
5     43     2     22.000000
5     44     1     6.000000
5     44     2     50.000000
5     45     1     1.000000
5     45     2     61.000000
5     46     1     6.000000
5     46     2     52.000000
5     47     1     3.000000
5     47     2     59.000000
5     48     1     37.000000
5     48     2     50.000000
5     49     1     2.000000
5     49     2     30.000000
5     50     1     17.000000
5     50     2     33.000000
6     1     1     3.000000
6     1     2     28.000000
6     2     1     12.000000
6     2     2     3.000000
6     3     1     7.000000
6     3     2     2.000000
6     4     1     23.000000
6     4     2     4.000000
6     5     1     9.000000
6     5     2     45.000000
6     6     1     2.000000
6     6     2     1.000000
6     7     1     19.000000
6     7     2     62.000000
6     8     1     3.000000
6     8     2     4.000000
6     9     1     1.000000
6     9     2     7.000000
6     10     1     44.000000
6     10     2     1.000000
6     11     1     35.000000
6     11     2     42.000000
6     12     1     12.000000
6     12     2     2.000000
6     13     1     5.000000
6     13     2     3.000000
6     14     1     22.000000
6     14     2     7.000000
6     15     1     36.000000
6     15     2     36.000000
6     16     1     2.000000
6     16     2     3.000000
6     17     1     42.000000
6     17     2     5.000000
6     18     1     8.000000
6     18     2     52.000000
6     19     1     6.000000
6     19     2     11.000000
6     20     1     16.000000
6     20     2     15.000000
6     21     1     2.000000
6     21     2     30.000000
6     22     1     14.000000
6     22     2     13.000000
6     23     1     3.000000
6     23     2     20.000000
6     24     1     5.000000
6     24     2     12.000000
6     25     1     4.000000
6     25     2     12.000000
6     26     1     3.000000
6     26     2     20.000000
6     27     1     12.000000
6     27     2     14.000000
6     28     1     12.000000
6     28     2     45.000000
6     29     1     32.000000
6     29     2     17.000000
6     30     1     78.000000
6     30     2     40.000000
6     31     1     37.000000
6     31     2     25.000000
6     32     1     43.000000
6     32     2     55.000000
6     33     1     20.000000
6     33     2     36.000000
6     34     1     2.000000
6     34     2     25.000000
6     35     1     26.000000
6     35     2     43.000000
6     36     1     23.000000
6     36     2     40.000000
6     37     1     32.000000
6     37     2     26.000000
6     38     1     59.000000
6     38     2     84.000000
6     39     1     24.000000
6     39     2     43.000000
6     40     1     72.000000
6     40     2     26.000000
6     41     1     33.000000
6     41     2     33.000000
6     42     1     52.000000
6     42     2     54.000000
6     43     1     34.000000
6     43     2     33.000000
6     44     1     35.000000
6     44     2     54.000000
6     45     1     31.000000
6     45     2     34.000000
6     46     1     33.000000
6     46     2     34.000000
6     47     1     37.000000
6     47     2     32.000000
6     48     1     79.000000
6     48     2     71.000000
6     49     1     63.000000
6     49     2     74.000000
6     50     1     29.000000
6     50     2     26.000000
7     1     1     3.000000
7     1     2     61.000000
7     2     1     33.000000
7     2     2     73.000000
7     3     1     47.000000
7     3     2     41.000000
7     4     1     3.000000
7     4     2     37.000000
7     5     1     75.000000
7     5     2     35.000000
7     6     1     4.000000
7     6     2     36.000000
7     7     1     22.000000
7     7     2     97.000000
7     8     1     2.000000
7     8     2     76.000000
7     9     1     2.000000
7     9     2     34.000000
7     10     1     23.000000
7     10     2     44.000000
7     11     1     76.000000
7     11     2     23.000000
7     12     1     9.000000
7     12     2     30.000000
7     13     1     3.000000
7     13     2     26.000000
7     14     1     13.000000
7     14     2     56.000000
7     15     1     60.000000
7     15     2     51.000000
7     16     1     3.000000
7     16     2     55.000000
7     17     1     61.000000
7     17     2     41.000000
7     18     1     61.000000
7     18     2     32.000000
7     19     1     90.000000
7     19     2     79.000000
7     20     1     1.000000
7     20     2     71.000000
7     21     1     12.000000
7     21     2     71.000000
7     22     1     28.000000
7     22     2     39.000000
7     23     1     9.000000
7     23     2     27.000000
7     24     1     11.000000
7     24     2     42.000000
7     25     1     14.000000
7     25     2     55.000000
7     26     1     5.000000
7     26     2     36.000000
7     27     1     34.000000
7     27     2     39.000000
7     28     1     54.000000
7     28     2     43.000000
7     29     1     34.000000
7     29     2     38.000000
7     30     1     10.000000
7     30     2     35.000000
7     31     1     7.000000
7     31     2     36.000000
7     32     1     52.000000
7     32     2     83.000000
7     33     1     1.000000
7     33     2     34.000000
7     34     1     13.000000
7     34     2     22.000000
7     35     1     59.000000
7     35     2     68.000000
7     36     1     9.000000
7     36     2     74.000000
7     37     1     42.000000
7     37     2     42.000000
7     38     1     5.000000
7     38     2     56.000000
7     39     1     4.000000
7     39     2     19.000000
7     40     1     2.000000
7     40     2     26.000000
7     41     1     3.000000
7     41     2     47.000000
7     42     1     2.000000
7     42     2     58.000000
7     43     1     8.000000
7     43     2     7.000000
7     44     1     0.000000
7     44     2     70.000000
7     45     1     4.000000
7     45     2     24.000000
7     46     1     25.000000
7     46     2     14.000000
7     47     1     13.000000
7     47     2     18.000000
7     48     1     57.000000
7     48     2     16.000000
7     49     1     3.000000
7     49     2     45.000000
7     50     1     10.000000
7     50     2     22.000000
8     1     1     5.000000
8     1     2     3.000000
8     2     1     7.000000
8     2     2     28.000000
8     3     1     12.000000
8     3     2     50.000000
8     4     1     44.000000
8     4     2     64.000000
8     5     1     1.000000
8     5     2     16.000000
8     6     1     33.000000
8     6     2     57.000000
8     7     1     11.000000
8     7     2     30.000000
8     8     1     4.000000
8     8     2     3.000000
8     9     1     3.000000
8     9     2     29.000000
8     10     1     7.000000
8     10     2     55.000000
8     11     1     5.000000
8     11     2     48.000000
8     12     1     9.000000
8     12     2     26.000000
8     13     1     5.000000
8     13     2     60.000000
8     14     1     21.000000
8     14     2     43.000000
8     15     1     2.000000
8     15     2     2.000000
8     16     1     9.000000
8     16     2     3.000000
8     17     1     34.000000
8     17     2     13.000000
8     18     1     24.000000
8     18     2     10.000000
8     19     1     50.000000
8     19     2     31.000000
8     20     1     17.000000
8     20     2     10.000000
8     21     1     39.000000
8     21     2     12.000000
8     22     1     14.000000
8     22     2     33.000000
8     23     1     5.000000
8     23     2     22.000000
8     24     1     14.000000
8     24     2     14.000000
8     25     1     32.000000
8     25     2     8.000000
8     26     1     5.000000
8     26     2     5.000000
8     27     1     8.000000
8     27     2     25.000000
8     28     1     3.000000
8     28     2     32.000000
8     29     1     46.000000
8     29     2     41.000000
8     30     1     31.000000
8     30     2     11.000000
8     31     1     45.000000
8     31     2     25.000000
8     32     1     81.000000
8     32     2     24.000000
8     33     1     48.000000
8     33     2     44.000000
8     34     1     49.000000
8     34     2     13.000000
8     35     1     26.000000
8     35     2     3.000000
8     36     1     26.000000
8     36     2     63.000000
8     37     1     24.000000
8     37     2     15.000000
8     38     1     28.000000
8     38     2     18.000000
8     39     1     34.000000
8     39     2     46.000000
8     40     1     27.000000
8     40     2     30.000000
8     41     1     29.000000
8     41     2     34.000000
8     42     1     50.000000
8     42     2     26.000000
8     43     1     26.000000
8     43     2     36.000000
8     44     1     73.000000
8     44     2     61.000000
8     45     1     36.000000
8     45     2     31.000000
8     46     1     37.000000
8     46     2     33.000000
8     47     1     40.000000
8     47     2     27.000000
8     48     1     40.000000
8     48     2     34.000000
8     49     1     33.000000
8     49     2     32.000000
8     50     1     64.000000
8     50     2     53.000000
