1     1     1     46.000000
1     1     2     42.000000
1     2     1     9.000000
1     2     2     38.000000
1     3     1     12.000000
1     3     2     27.000000
1     4     1     12.000000
1     4     2     81.000000
1     5     1     12.000000
1     5     2     63.000000
1     6     1     34.000000
1     6     2     32.000000
1     7     1     13.000000
1     7     2     75.000000
1     8     1     10.000000
1     8     2     76.000000
1     9     1     42.000000
1     9     2     60.000000
1     10     1     10.000000
1     10     2     30.000000
1     11     1     5.000000
1     11     2     20.000000
1     12     1     39.000000
1     12     2     37.000000
1     13     1     17.000000
1     13     2     78.000000
1     14     1     19.000000
1     14     2     64.000000
1     15     1     18.000000
1     15     2     59.000000
1     16     1     13.000000
1     16     2     27.000000
1     17     1     49.000000
1     17     2     53.000000
1     18     1     13.000000
1     18     2     29.000000
1     19     1     5.000000
1     19     2     75.000000
1     20     1     20.000000
1     20     2     35.000000
1     21     1     1.000000
1     21     2     38.000000
1     22     1     53.000000
1     22     2     31.000000
1     23     1     22.000000
1     23     2     31.000000
1     24     1     17.000000
1     24     2     74.000000
1     25     1     4.000000
1     25     2     53.000000
1     26     1     3.000000
1     26     2     29.000000
1     27     1     34.000000
1     27     2     79.000000
1     28     1     2.000000
1     28     2     38.000000
1     29     1     6.000000
1     29     2     45.000000
1     30     1     2.000000
1     30     2     40.000000
1     31     1     20.000000
1     31     2     61.000000
1     32     1     2.000000
1     32     2     27.000000
1     33     1     2.000000
1     33     2     41.000000
1     34     1     53.000000
1     34     2     42.000000
1     35     1     9.000000
1     35     2     40.000000
1     36     1     24.000000
1     36     2     32.000000
1     37     1     5.000000
1     37     2     42.000000
1     38     1     11.000000
1     38     2     47.000000
1     39     1     3.000000
1     39     2     22.000000
1     40     1     3.000000
1     40     2     66.000000
1     41     1     24.000000
1     41     2     39.000000
1     42     1     13.000000
1     42     2     93.000000
1     43     1     28.000000
1     43     2     12.000000
1     44     1     1.000000
1     44     2     21.000000
1     45     1     22.000000
1     45     2     56.000000
1     46     1     45.000000
1     46     2     54.000000
1     47     1     4.000000
1     47     2     41.000000
1     48     1     24.000000
1     48     2     36.000000
1     49     1     44.000000
1     49     2     17.000000
1     50     1     10.000000
1     50     2     19.000000
2     1     1     28.000000
2     1     2     47.000000
2     2     1     25.000000
2     2     2     5.000000
2     3     1     22.000000
2     3     2     0.000000
2     4     1     21.000000
2     4     2     4.000000
2     5     1     14.000000
2     5     2     3.000000
2     6     1     64.000000
2     6     2     68.000000
2     7     1     26.000000
2     7     2     3.000000
2     8     1     17.000000
2     8     2     23.000000
2     9     1     41.000000
2     9     2     19.000000
2     10     1     21.000000
2     10     2     63.000000
2     11     1     27.000000
2     11     2     34.000000
2     12     1     64.000000
2     12     2     6.000000
2     13     1     30.000000
2     13     2     3.000000
2     14     1     71.000000
2     14     2     81.000000
2     15     1     17.000000
2     15     2     72.000000
2     16     1     50.000000
2     16     2     2.000000
2     17     1     6.000000
2     17     2     9.000000
2     18     1     34.000000
2     18     2     65.000000
2     19     1     12.000000
2     19     2     3.000000
2     20     1     43.000000
2     20     2     5.000000
2     21     1     46.000000
2     21     2     7.000000
2     22     1     18.000000
2     22     2     28.000000
2     23     1     15.000000
2     23     2     2.000000
2     24     1     44.000000
2     24     2     10.000000
2     25     1     34.000000
2     25     2     8.000000
2     26     1     17.000000
2     26     2     3.000000
2     27     1     6.000000
2     27     2     8.000000
2     28     1     4.000000
2     28     2     3.000000
2     29     1     36.000000
2     29     2     12.000000
2     30     1     44.000000
2     30     2     32.000000
2     31     1     25.000000
2     31     2     6.000000
2     32     1     23.000000
2     32     2     9.000000
2     33     1     76.000000
2     33     2     58.000000
2     34     1     62.000000
2     34     2     19.000000
2     35     1     23.000000
2     35     2     26.000000
2     36     1     30.000000
2     36     2     19.000000
2     37     1     31.000000
2     37     2     15.000000
2     38     1     72.000000
2     38     2     37.000000
2     39     1     47.000000
2     39     2     35.000000
2     40     1     18.000000
2     40     2     35.000000
2     41     1     48.000000
2     41     2     30.000000
2     42     1     45.000000
2     42     2     26.000000
2     43     1     45.000000
2     43     2     30.000000
2     44     1     61.000000
2     44     2     64.000000
2     45     1     25.000000
2     45     2     53.000000
2     46     1     24.000000
2     46     2     27.000000
2     47     1     39.000000
2     47     2     31.000000
2     48     1     35.000000
2     48     2     26.000000
2     49     1     25.000000
2     49     2     61.000000
2     50     1     17.000000
2     50     2     62.000000
3     1     1     20.000000
3     1     2     35.000000
3     2     1     5.000000
3     2     2     26.000000
3     3     1     4.000000
3     3     2     20.000000
3     4     1     57.779881
3     4     2     30.000000
3     5     1     23.000000
3     5     2     25.000000
3     6     1     49.000000
3     6     2     23.000000
3     7     1     46.000000
3     7     2     20.000000
3     8     1     60.000000
3     8     2     37.000000
3     9     1     2.000000
3     9     2     20.000000
3     10     1     2.000000
3     10     2     50.000000
3     11     1     55.000000
3     11     2     57.000000
3     12     1     47.000000
3     12     2     30.000000
3     13     1     3.000000
3     13     2     33.000000
3     14     1     35.000000
3     14     2     39.000000
3     15     1     4.000000
3     15     2     30.000000
3     16     1     3.000000
3     16     2     57.000000
3     17     1     5.000000
3     17     2     44.000000
3     18     1     9.000000
3     18     2     55.000000
3     19     1     6.000000
3     19     2     88.000000
3     20     1     7.000000
3     20     2     33.000000
3     21     1     5.000000
3     21     2     37.000000
3     22     1     51.000000
3     22     2     44.000000
3     23     1     3.000000
3     23     2     46.000000
3     24     1     52.000000
3     24     2     73.000000
3     25     1     58.000000
3     25     2     38.000000
3     26     1     23.000000
3     26     2     24.000000
3     27     1     3.000000
3     27     2     31.000000
3     28     1     27.000000
3     28     2     43.495163
3     29     1     9.000000
3     29     2     54.000000
3     30     1     53.000000
3     30     2     27.000000
3     31     1     9.000000
3     31     2     6.000000
3     32     1     2.000000
3     32     2     24.000000
3     33     1     2.000000
3     33     2     67.000000
3     34     1     50.000000
3     34     2     65.000000
3     35     1     5.000000
3     35     2     29.000000
3     36     1     39.000000
3     36     2     30.000000
3     37     1     2.000000
3     37     2     29.000000
3     38     1     5.000000
3     38     2     21.000000
3     39     1     6.000000
3     39     2     35.000000
3     40     1     44.000000
3     40     2     75.000000
3     41     1     42.000000
3     41     2     62.000000
3     42     1     20.000000
3     42     2     24.000000
3     43     1     6.000000
3     43     2     45.000000
3     44     1     13.000000
3     44     2     34.000000
3     45     1     2.000000
3     45     2     32.000000
3     46     1     3.000000
3     46     2     80.000000
3     47     1     4.000000
3     47     2     38.000000
3     48     1     54.000000
3     48     2     44.000000
3     49     1     51.000000
3     49     2     37.000000
3     50     1     3.000000
3     50     2     35.000000
4     1     1     4.000000
4     1     2     2.000000
4     2     1     44.000000
4     2     2     3.000000
4     3     1     3.000000
4     3     2     3.000000
4     4     1     35.000000
4     4     2     19.000000
4     5     1     2.000000
4     5     2     4.000000
4     6     1     4.000000
4     6     2     3.000000
4     7     1     6.000000
4     7     2     18.000000
4     8     1     8.000000
4     8     2     6.000000
4     9     1     2.000000
4     9     2     2.000000
4     10     1     6.000000
4     10     2     10.000000
4     11     1     3.000000
4     11     2     32.000000
4     12     1     43.000000
4     12     2     10.000000
4     13     1     8.000000
4     13     2     6.000000
4     14     1     56.000000
4     14     2     56.000000
4     15     1     23.000000
4     15     2     6.000000
4     16     1     9.000000
4     16     2     4.000000
4     17     1     10.000000
4     17     2     24.000000
4     18     1     4.000000
4     18     2     14.000000
4     19     1     3.000000
4     19     2     2.000000
4     20     1     8.000000
4     20     2     7.000000
4     21     1     2.000000
4     21     2     16.000000
4     22     1     23.000000
4     22     2     49.000000
4     23     1     3.000000
4     23     2     6.000000
4     24     1     3.000000
4     24     2     6.000000
4     25     1     49.000000
4     25     2     23.000000
4     26     1     9.000000
4     26     2     2.000000
4     27     1     2.000000
4     27     2     44.000000
4     28     1     46.000000
4     28     2     27.000000
4     29     1     57.000000
4     29     2     4.000000
4     30     1     35.000000
4     30     2     50.000000
4     31     1     38.000000
4     31     2     80.000000
4     32     1     57.000000
4     32     2     35.000000
4     33     1     81.000000
4     33     2     38.000000
4     34     1     73.000000
4     34     2     51.000000
4     35     1     34.000000
4     35     2     79.000000
4     36     1     54.000000
4     36     2     76.000000
4     37     1     67.000000
4     37     2     71.000000
4     38     1     83.000000
4     38     2     84.000000
4     39     1     32.000000
4     39     2     74.000000
4     40     1     35.000000
4     40     2     79.000000
4     41     1     82.000000
4     41     2     44.000000
4     42     1     47.000000
4     42     2     51.000000
4     43     1     36.000000
4     43     2     61.000000
4     44     1     28.000000
4     44     2     33.000000
4     45     1     21.000000
4     45     2     45.000000
4     46     1     19.000000
4     46     2     52.000000
4     47     1     38.000000
4     47     2     96.000000
4     48     1     20.000000
4     48     2     52.000000
4     49     1     21.000000
4     49     2     99.000000
4     50     1     22.000000
4     50     2     43.000000
5     1     1     40.000000
5     1     2     38.000000
5     2     1     50.000000
5     2     2     32.000000
5     3     1     3.000000
5     3     2     21.000000
5     4     1     8.000000
5     4     2     64.000000
5     5     1     58.000000
5     5     2     28.000000
5     6     1     57.000000
5     6     2     30.000000
5     7     1     5.000000
5     7     2     50.000000
5     8     1     2.000000
5     8     2     32.000000
5     9     1     2.000000
5     9     2     27.000000
5     10     1     1.000000
5     10     2     28.000000
5     11     1     8.000000
5     11     2     54.000000
5     12     1     5.000000
5     12     2     39.000000
5     13     1     31.000000
5     13     2     77.000000
5     14     1     46.000000
5     14     2     44.000000
5     15     1     3.000000
5     15     2     27.000000
5     16     1     7.000000
5     16     2     40.000000
5     17     1     4.000000
5     17     2     28.000000
5     18     1     55.000000
5     18     2     71.000000
5     19     1     2.000000
5     19     2     71.000000
5     20     1     4.000000
5     20     2     52.000000
5     21     1     44.000000
5     21     2     81.000000
5     22     1     42.000000
5     22     2     40.000000
5     23     1     1.000000
5     23     2     65.000000
5     24     1     33.000000
5     24     2     24.000000
5     25     1     11.000000
5     25     2     24.000000
5     26     1     57.000000
5     26     2     26.000000
5     27     1     4.000000
5     27     2     26.000000
5     28     1     2.000000
5     28     2     24.000000
5     29     1     35.000000
5     29     2     71.000000
5     30     1     4.000000
5     30     2     15.000000
5     31     1     5.000000
5     31     2     44.000000
5     32     1     5.000000
5     32     2     47.000000
5     33     1     7.000000
5     33     2     71.000000
5     34     1     5.000000
5     34     2     15.000000
5     35     1     47.000000
5     35     2     19.000000
5     36     1     5.000000
5     36     2     20.000000
5     37     1     50.000000
5     37     2     24.000000
5     38     1     28.000000
5     38     2     22.000000
5     39     1     7.000000
5     39     2     53.000000
5     40     1     5.000000
5     40     2     21.000000
5     41     1     15.000000
5     41     2     62.000000
5     42     1     8.000000
5     42     2     26.000000
5     43     1     14.000000
5     43     2     23.000000
5     44     1     6.000000
5     44     2     51.000000
5     45     1     1.000000
5     45     2     61.000000
5     46     1     5.000000
5     46     2     52.000000
5     47     1     3.000000
5     47     2     59.000000
5     48     1     37.000000
5     48     2     51.000000
5     49     1     2.000000
5     49     2     30.000000
5     50     1     17.000000
5     50     2     33.000000
6     1     1     2.000000
6     1     2     28.000000
6     2     1     12.000000
6     2     2     4.000000
6     3     1     6.000000
6     3     2     3.000000
6     4     1     23.000000
6     4     2     4.000000
6     5     1     9.000000
6     5     2     44.000000
6     6     1     2.000000
6     6     2     1.000000
6     7     1     18.000000
6     7     2     61.000000
6     8     1     3.000000
6     8     2     3.000000
6     9     1     1.000000
6     9     2     10.348927
6     10     1     43.000000
6     10     2     1.000000
6     11     1     35.000000
6     11     2     42.000000
6     12     1     12.000000
6     12     2     2.000000
6     13     1     5.000000
6     13     2     3.000000
6     14     1     22.000000
6     14     2     6.000000
6     15     1     36.000000
6     15     2     36.000000
6     16     1     2.000000
6     16     2     3.000000
6     17     1     42.000000
6     17     2     5.000000
6     18     1     7.000000
6     18     2     52.000000
6     19     1     6.000000
6     19     2     9.000000
6     20     1     15.000000
6     20     2     13.000000
6     21     1     2.000000
6     21     2     28.000000
6     22     1     13.000000
6     22     2     11.000000
6     23     1     1.000000
6     23     2     19.000000
6     24     1     4.000000
6     24     2     10.000000
6     25     1     4.000000
6     25     2     11.000000
6     26     1     3.000000
6     26     2     19.000000
6     27     1     12.000000
6     27     2     12.000000
6     28     1     12.000000
6     28     2     44.000000
6     29     1     40.000000
6     29     2     16.000000
6     30     1     86.000000
6     30     2     39.000000
6     31     1     45.000000
6     31     2     25.000000
6     32     1     52.000000
6     32     2     55.000000
6     33     1     28.000000
6     33     2     36.000000
6     34     1     11.000000
6     34     2     25.000000
6     35     1     34.000000
6     35     2     43.000000
6     36     1     31.000000
6     36     2     41.000000
6     37     1     40.000000
6     37     2     26.000000
6     38     1     67.000000
6     38     2     84.000000
6     39     1     32.000000
6     39     2     44.000000
6     40     1     81.000000
6     40     2     27.000000
6     41     1     41.000000
6     41     2     34.000000
6     42     1     61.000000
6     42     2     55.000000
6     43     1     42.000000
6     43     2     34.000000
6     44     1     43.000000
6     44     2     55.000000
6     45     1     26.000000
6     45     2     35.000000
6     46     1     27.000000
6     46     2     35.000000
6     47     1     32.000000
6     47     2     32.000000
6     48     1     74.000000
6     48     2     72.000000
6     49     1     58.000000
6     49     2     75.000000
6     50     1     24.000000
6     50     2     26.000000
7     1     1     3.000000
7     1     2     59.000000
7     2     1     32.000000
7     2     2     74.000000
7     3     1     47.000000
7     3     2     41.000000
7     4     1     2.000000
7     4     2     37.000000
7     5     1     75.000000
7     5     2     35.000000
7     6     1     4.000000
7     6     2     36.000000
7     7     1     21.000000
7     7     2     97.000000
7     8     1     2.000000
7     8     2     76.000000
7     9     1     2.000000
7     9     2     35.000000
7     10     1     22.000000
7     10     2     44.000000
7     11     1     76.000000
7     11     2     22.000000
7     12     1     8.000000
7     12     2     30.000000
7     13     1     3.000000
7     13     2     25.000000
7     14     1     12.000000
7     14     2     56.000000
7     15     1     59.000000
7     15     2     51.000000
7     16     1     2.000000
7     16     2     55.000000
7     17     1     60.000000
7     17     2     40.000000
7     18     1     60.000000
7     18     2     31.000000
7     19     1     89.000000
7     19     2     79.000000
7     20     1     1.000000
7     20     2     71.000000
7     21     1     13.000000
7     21     2     71.000000
7     22     1     30.000000
7     22     2     39.000000
7     23     1     10.000000
7     23     2     26.000000
7     24     1     12.000000
7     24     2     42.000000
7     25     1     15.000000
7     25     2     55.000000
7     26     1     6.000000
7     26     2     36.000000
7     27     1     36.000000
7     27     2     36.000000
7     28     1     55.000000
7     28     2     40.000000
7     29     1     35.000000
7     29     2     34.000000
7     30     1     12.000000
7     30     2     31.000000
7     31     1     8.000000
7     31     2     32.000000
7     32     1     53.000000
7     32     2     79.000000
7     33     1     2.000000
7     33     2     31.000000
7     34     1     14.000000
7     34     2     19.000000
7     35     1     61.000000
7     35     2     65.000000
7     36     1     11.000000
7     36     2     70.000000
7     37     1     42.000000
7     37     2     38.000000
7     38     1     5.000000
7     38     2     52.000000
7     39     1     3.000000
7     39     2     15.000000
7     40     1     2.000000
7     40     2     23.000000
7     41     1     3.000000
7     41     2     44.000000
7     42     1     2.000000
7     42     2     55.000000
7     43     1     7.000000
7     43     2     6.000000
7     44     1     0.000000
7     44     2     70.000000
7     45     1     4.000000
7     45     2     23.000000
7     46     1     24.000000
7     46     2     14.000000
7     47     1     12.000000
7     47     2     17.000000
7     48     1     57.000000
7     48     2     15.000000
7     49     1     3.000000
7     49     2     44.000000
7     50     1     10.000000
7     50     2     21.000000
8     1     1     5.000000
8     1     2     3.000000
8     2     1     7.000000
8     2     2     27.000000
8     3     1     12.000000
8     3     2     49.000000
8     4     1     43.000000
8     4     2     63.000000
8     5     1     1.000000
8     5     2     15.000000
8     6     1     32.000000
8     6     2     56.000000
8     7     1     10.000000
8     7     2     29.000000
8     8     1     4.000000
8     8     2     2.000000
8     9     1     3.000000
8     9     2     29.000000
8     10     1     6.000000
8     10     2     55.000000
8     11     1     5.000000
8     11     2     48.000000
8     12     1     8.000000
8     12     2     26.000000
8     13     1     4.000000
8     13     2     60.000000
8     14     1     20.000000
8     14     2     43.000000
8     15     1     2.000000
8     15     2     2.000000
8     16     1     8.000000
8     16     2     3.000000
8     17     1     34.000000
8     17     2     13.000000
8     18     1     23.000000
8     18     2     10.000000
8     19     1     49.000000
8     19     2     30.000000
8     20     1     17.000000
8     20     2     9.000000
8     21     1     39.000000
8     21     2     11.000000
8     22     1     14.000000
8     22     2     32.000000
8     23     1     4.000000
8     23     2     21.000000
8     24     1     14.000000
8     24     2     13.000000
8     25     1     31.000000
8     25     2     8.000000
8     26     1     4.000000
8     26     2     4.000000
8     27     1     8.000000
8     27     2     24.000000
8     28     1     2.000000
8     28     2     31.000000
8     29     1     46.000000
8     29     2     40.000000
8     30     1     30.000000
8     30     2     10.000000
8     31     1     44.000000
8     31     2     24.000000
8     32     1     81.000000
8     32     2     22.000000
8     33     1     47.000000
8     33     2     43.000000
8     34     1     48.000000
8     34     2     12.000000
8     35     1     26.000000
8     35     2     2.000000
8     36     1     25.000000
8     36     2     62.000000
8     37     1     23.000000
8     37     2     14.000000
8     38     1     27.000000
8     38     2     17.000000
8     39     1     33.000000
8     39     2     42.000000
8     40     1     27.000000
8     40     2     26.000000
8     41     1     29.000000
8     41     2     29.000000
8     42     1     50.000000
8     42     2     21.000000
8     43     1     25.000000
8     43     2     32.000000
8     44     1     73.000000
8     44     2     56.000000
8     45     1     36.000000
8     45     2     26.000000
8     46     1     38.000000
8     46     2     28.000000
8     47     1     40.000000
8     47     2     22.000000
8     48     1     40.000000
8     48     2     30.000000
8     49     1     33.000000
8     49     2     27.000000
8     50     1     64.000000
8     50     2     48.000000
